Изменение показателя:

Объём:

Стоимость единицы:

Выход на уровень:

Срок сохранения эффекта:

Единовременные затраты:

Ежемесячные затраты:

Горизонт расчёта:

Годовая ставка дисконтирования:


Рассчитать
Результаты расчета

Доход за первый год: 3 648 333

Окупаемость, мес.: 7

NPV за горизонт: 8 034 655

Месяц	Доход	Затраты	Поток	Накопл. поток	Дисконтиров.	Накопл. дисконт.
0	0	600 000	-600 000	-600 000	-600 000	-600 000
1	18 333	50 000	-31 667	-631 667	-31 300	-631 300
2	55 000	50 000	5 000	-626 667	4 885	-626 415
3	110 000	50 000	60 000	-566 667	57 940	-568 475
4	165 000	50 000	115 000	-451 667	109 765	-458 710
5	220 000	50 000	170 000	-281 667	160 383	-298 327
6	275 000	50 000	225 000	-56 667	209 814	-88 513
7	330 000	50 000	280 000	223 333	258 078	169 565
8	385 000	50 000	335 000	558 333	305 197	474 761
9	440 000	50 000	390 000	948 333	351 189	825 950
10	495 000	50 000	445 000	1 393 333	396 076	1 222 026
11	550 000	50 000	500 000	1 893 333	439 876	1 661 902
12	605 000	50 000	555 000	2 448 333	482 609	2 144 511
13	641 667	50 000	591 667	3 040 000	508 535	2 653 046
14	660 000	50 000	610 000	3 650 000	518 222	3 171 268
15	660 000	50 000	610 000	4 260 000	512 221	3 683 489
16	660 000	50 000	610 000	4 870 000	506 290	4 189 779
17	660 000	50 000	610 000	5 480 000	500 428	4 690 207
18	660 000	50 000	610 000	6 090 000	494 633	5 184 840
19	660 000	50 000	610 000	6 700 000	488 905	5 673 745
20	660 000	50 000	610 000	7 310 000	483 244	6 156 990
21	660 000	50 000	610 000	7 920 000	477 649	6 634 638
22	660 000	50 000	610 000	8 530 000	472 118	7 106 756
23	660 000	50 000	610 000	9 140 000	466 651	7 573 407
24	660 000	50 000	610 000	9 750 000	461 248	8 034 655
Окупаемость: Мес. 7
0
1
2
3
4
5
6
7
8
9
10
11
12
13
14
15
16
17
18
19
20
21
22
23
24
25
 Сохранить SVG