Финансовая модель эффекта проекта
 Изменение показателя в месяц
 Объём
 Стоимость единицы, руб.
 Выход на полный уровень, мес.
 Срок сохранения эффекта, мес.
 Единовременные затраты, руб.
 Ежемесячные затраты, руб.
 Горизонт, мес.
 Годовая ставка дисконтирования, доля

Рассчитать
Доход за первый год:3 648 333
Окупаемость, мес.:Месяц 7
NPV за горизонт:8 034 655
Месяц	Доход	Затраты	Поток	Накопл. поток	Дисконт.
0	0	600,000	-600,000	-600,000	-600,000
1	18,333.333	50,000	-31,666.667	-631,666.667	-31,299.99
2	55,000	50,000	5,000	-626,666.667	4,884.878
3	110,000	50,000	60,000	-566,666.667	57,939.773
4	165,000	50,000	115,000	-451,666.667	109,765.34
5	220,000	50,000	170,000	-281,666.667	160,382.934
6	275,000	50,000	225,000	-56,666.667	209,813.582
7	330,000	50,000	280,000	223,333.333	258,077.984
8	385,000	50,000	335,000	558,333.333	305,196.522
9	440,000	50,000	390,000	948,333.333	351,189.261
10	495,000	50,000	445,000	1,393,333.333	396,075.954
11	550,000	50,000	500,000	1,893,333.333	439,876.051
12	605,000	50,000	555,000	2,448,333.333	482,608.696
13	641,666.667	50,000	591,666.667	3,040,000	508,535.305
14	660,000	50,000	610,000	3,650,000	518,221.811
15	660,000	50,000	610,000	4,260,000	512,221.183
16	660,000	50,000	610,000	4,870,000	506,290.037
17	660,000	50,000	610,000	5,480,000	500,427.57
18	660,000	50,000	610,000	6,090,000	494,632.985
19	660,000	50,000	610,000	6,700,000	488,905.498
20	660,000	50,000	610,000	7,310,000	483,244.331
21	660,000	50,000	610,000	7,920,000	477,648.716
22	660,000	50,000	610,000	8,530,000	472,117.894
23	660,000	50,000	610,000	9,140,000	466,651.115
24	660,000	50,000	610,000	9,750,000	461,247.637
0
3
6
9
12
15
18
21
24
Окупаемость
 Сохранить SVG